ATP_1	1	1	0.5149
ATP_1	2	2	0.0298
ATP_1	3	9	0.5149
ATP_1	10	10	0.0298
ATP_1	11	14	0.5149
ATP_1	15	39	0.5887
ATP_1	40	40	0.0000
ATP_1	41	65	0.5887
ATP_1	66	86	0.8365
ATP_1	87	87	0.0000
ATP_1	88	90	0.8365
ATP_1	91	91	0.0000
ATP_1	92	94	0.8365
ATP_1	95	95	0.0000
ATP_1	96	105	0.8365
ATP_1	106	128	1.0000
ATP_1	129	129	0.2130
ATP_1	130	134	1.0000
ATP_1	135	135	0.2130
ATP_1	136	144	1.0000
ATP_1	145	145	0.0742
ATP_1	146	146	1.0000
ATP_1	147	147	0.0742
ATP_1	148	163	1.0000
ATP_1	164	164	0.0298
ATP_1	165	195	1.0000
ATP_1	196	196	0.6981
ATP_1	197	197	0.2252
ATP_1	198	231	0.6981
ATP10_SC	1	7	0.8031
ATP10_SC	8	22	0.6065
ATP10_SC	23	26	0.2785
ATP10_SC	27	27	0.4591
ATP10_SC	28	28	0.2785
ATP10_SC	29	30	0.5407
ATP10_SC	31	34	0.8367
ATP10_SC	35	35	0.4752
ATP10_SC	36	37	0.8367
ATP10_SC	38	50	1.0000
ATP10_SC	51	51	0.5743
ATP10_SC	52	55	1.0000
ATP10_SC	56	57	0.5743
ATP10_SC	58	58	1.0000
ATP10_SC	59	59	0.4992
ATP10_SC	60	60	0.5743
ATP10_SC	61	63	1.0000
ATP10_SC	64	64	0.5743
ATP10_SC	65	65	1.0000
ATP10_SC	66	66	0.5743
ATP10_SC	67	67	1.0000
ATP10_SC	68	68	0.4992
ATP10_SC	69	76	1.0000
ATP10_SC	77	77	0.0000
ATP10_SC	78	85	1.0000
ATP10_SC	86	86	0.4752
ATP10_SC	87	90	1.0000
ATP10_SC	91	91	0.9115
ATP10_SC	92	92	0.5153
ATP10_SC	93	94	0.9115
ATP10_SC	95	95	0.5153
ATP10_SC	96	96	0.9115
ATP10_SC	97	97	0.5153
ATP10_SC	98	100	0.9115
ATP10_SC	101	101	0.5153
ATP10_SC	102	104	0.9115
ATP10_SC	105	106	0.5153
ATP10_SC	107	108	0.9115
ATP10_SC	109	109	0.2785
ATP10_SC	110	116	0.9115
ATP10_SC	117	117	0.6398
ATP10_SC	118	120	0.9115
ATP10_SC	121	121	0.5153
ATP10_SC	122	123	0.9115
ATP10_SC	124	124	0.6398
ATP10_SC	125	126	0.9115
ATP10_SC	127	127	0.2785
ATP10_SC	128	128	0.5153
ATP10_SC	129	129	0.9115
ATP10_SC	130	131	0.5809
ATP10_SC	132	132	0.3441
ATP10_SC	133	136	0.8367
ATP10_SC	137	139	0.5809
ATP10_SC	140	142	0.8367
ATP10_SC	143	143	0.5809
ATP10_SC	144	148	0.8367
ATP10_SC	149	149	0.5809
ATP10_SC	150	150	0.4752
ATP10_SC	151	153	0.8367
ATP10_SC	154	154	0.5809
ATP10_SC	155	155	0.8367
ATP10_SC	156	156	0.0817
ATP10_SC	157	158	0.8367
ATP10_SC	159	159	0.5809
ATP10_SC	160	160	0.3441
ATP10_SC	161	161	0.8367
ATP10_SC	162	163	0.5809
ATP10_SC	164	166	0.8367
ATP10_SC	167	167	0.5809
ATP10_SC	168	168	0.8367
ATP-11	1	4	0.4138
ATP-11	5	5	0.0000
ATP-11	6	6	0.4477
ATP-11	7	8	0.0000
ATP-11	9	9	0.4477
ATP-11	10	10	0.0000
ATP-11	11	33	0.4138
ATP-11	34	34	0.0000
ATP-11	35	40	0.4477
ATP-11	41	70	0.5317
ATP-11	71	71	0.8138
ATP-11	72	110	1.0000
ATP-11	111	111	0.1041
ATP-11	112	141	1.0000
ATP-11	142	142	0.3995
ATP-11	143	164	1.0000
ATP-11	165	165	0.6563
ATP12	1	11	1.0000
ATP12	12	12	0.0000
ATP12	13	19	1.0000
ATP12	20	20	0.0000
ATP12	21	51	1.0000
ATP12	52	52	0.0000
ATP12	53	54	1.0000
ATP12	55	55	0.2568
ATP12	56	56	0.0000
ATP12	57	84	1.0000
ATP12	85	85	0.0000
ATP12	86	103	1.0000
ATP12	104	104	0.2568
ATP12	105	177	1.0000
ATP-2	1	1	0.8801
ATP-2	2	2	0.5117
ATP-2	3	12	0.8801
ATP-2	13	13	0.5117
ATP-2	14	102	0.8801
ATP-2	103	103	0.4228
ATP-2	104	206	1.0000
ATP-2	207	207	0.2884
ATP-2	208	224	1.0000
ATP-2	225	225	0.0000
ATP-2	226	370	1.0000
ATP-2	371	371	0.7786
ATP3	1	54	0.6889
ATP3	55	55	0.8315
ATP3	56	77	1.0000
ATP3	78	78	0.4564
ATP3	79	82	1.0000
ATP3	83	83	0.0458
ATP3	84	103	1.0000
ATP3	104	106	0.4564
ATP3	107	132	0.8315
ATP3	133	133	0.3137
ATP3	134	137	0.8315
ATP3	138	138	0.3137
ATP3	139	153	0.6889
ATP3	154	154	0.2014
ATP3	155	157	0.6889
ATP3	158	158	0.2014
ATP3	159	182	0.6889
ATP3	183	183	0.0000
ATP3	184	210	0.6889
ATP3	211	211	0.5000
ATP4	1	20	0.6668
ATP4	21	21	0.0000
ATP4	22	22	0.6668
ATP4	23	23	0.0000
ATP4	24	26	0.6668
ATP4	27	27	0.1712
ATP4	28	40	0.6668
ATP4	41	41	0.0000
ATP4	42	50	0.6668
ATP4	51	88	0.8168
ATP4	89	123	1.0000
ATP4	124	124	0.1703
ATP4	125	142	1.0000
ATP4	143	143	0.1703
ATP4	144	150	1.0000
ATP4	151	151	0.1703
ATP4	152	156	1.0000
ATP4	157	157	0.1703
ATP4	158	212	1.0000
ATP6	1	1	0.7068
ATP6	2	20	0.8412
ATP6	21	21	0.0289
ATP6	22	77	0.8412
ATP6	78	78	0.1299
ATP6	79	112	0.8412
ATP6	113	113	0.0289
ATP6	114	115	0.8412
ATP6	116	116	0.0000
ATP6	117	135	1.0000
ATP6	136	136	0.2357
ATP6	137	155	1.0000
ATP6	156	156	0.2357
ATP6	157	188	1.0000
ATP6	189	189	0.1010
ATP6	190	234	1.0000
ATP6	235	235	0.1010
ATP6	236	251	1.0000
ATP6	252	254	0.4878
ATP6	255	267	0.8412
ATP6	268	268	0.0289
ATP6	269	313	0.8412
ATP6	314	314	0.0289
ATP6	315	322	0.8412
ATP6	323	323	0.3534
ATP6	324	354	0.8412
ATP6	355	355	1.0000
ATP6	356	358	0.4878
ATP6	359	359	1.0000
ATP6	360	391	0.8412
ATP6	392	394	0.6006
ATP6	395	395	0.0289
ATP6	396	396	0.6006
ATP7_SC	1	7	0.5000
ATP7_SC	8	8	0.0000
ATP7_SC	9	14	0.5000
ATP7_SC	15	15	0.0000
ATP7_SC	16	25	0.5000
ATP7_SC	26	31	0.5761
ATP7_SC	32	120	0.8315
ATP7_SC	121	191	1.0000
ATP7_SC	192	254	0.8315
ATP7_SC	255	255	0.3137
ATP7_SC	256	300	0.8315
ATP7_SC	301	301	0.0765
ATP7_SC	302	304	0.8315
ATP7_SC	305	339	0.6889
ATP7_SC	340	349	0.5761
ATP7_SC	350	392	0.4693
ATP7_SC	393	448	0.5000
ATP7_SC	449	458	0.4693
ATP9	1	14	0.6691
ATP9	15	15	0.0070
ATP9	16	18	0.6691
ATP9	19	41	0.8181
ATP9	42	42	0.0000
ATP9	43	43	0.8181
ATP9	44	44	0.0000
ATP9	45	45	0.8181
ATP9	46	74	1.0000
ATP9	75	75	0.4352
ATP9	76	91	1.0000
ATP9	92	92	0.0594
ATP9	93	112	1.0000
ATP9	113	222	0.8181
ATP9	223	223	0.2863
ATP9	224	232	0.8181
ATP9	233	235	0.6691
ATP9	236	247	0.5598
ATP9	248	248	0.1172
ATP9	249	271	0.5598
ATP9	272	272	0.1172
ATP9	273	288	0.5598
ATP9	289	289	0.1172
ATP9	290	330	0.5598
ATP9	331	442	0.5000
